93
20
15
04
03
63
77
84
08
60
16
7
32
03
62
7
05
70
58
39
88
6
61
12
01
23
66
75
05
74
3
15
95
38
61
61
24
27
12
64
79
61
75
23
54
69
76
78
89
9
29
01
39
25
07
7
3
30
63
50
86
71
56
85
56
13
02
88
20
24
05
58
50
7
03
60
93
52
39
34
20
30
09
80
89
62
4
27
65
28
28
80
98
77
1
02
64
31
83
37
39
17
9
74
07
50
58
58
24
72
84
98
61
53
69
12
28
78
85
38
94
62
59
24
23
06
87
73
93
80
13
71
08
06
94
98
06
77
09
22
75
34
80
10
37
24
01
81
84
98
29
97
28
94
5
78
58
78
83
22
00
96
17
78
31
4
30
17
55
4
36
88
20
96
99
27
72
95
84
30
63
30
79
52
30
96
96
84
94
07
65
64
86
52
53
33
17
07
14
86
30
80
52
05
55
11
85
67
98
66
87
82
17
50
39
97
29
39
35
16
09
544
02
84
38
98
36
55
06
71
88
11
27
9
9
56
9
91
61
64
69
51
94
20
1
21
07
36
12
34
10
544
96
57
72
28
7
12
84
21
65
66
22
81
50
83
92
5
68
30
71
21
92
31
15
95
03
90
8
88
4
05
85
75
59
85
64
66
27
12
25
83
03
24
10
67
14
5
75
36

