59
86
71
60
69
29
33
40
64
26
72
3
98
69
28
3
61
36
14
95
44
2
27
78
67
89
22
31
61
30
9
71
51
94
27
27
80
83
78
20
35
27
31
89
10
25
32
34
45
5
85
67
95
81
63
3
9
96
29
16
42
37
12
41
12
79
68
44
86
80
61
14
16
3
69
26
59
18
95
90
86
96
65
46
45
28
0
83
21
84
84
46
54
33
7
68
20
97
49
93
95
73
5
30
63
16
14
14
80
38
40
54
27
19
25
78
84
34
41
94
50
28
15
80
89
62
43
39
59
46
79
37
64
62
50
54
62
33
65
88
31
90
46
76
93
80
67
47
40
54
85
53
84
50
1
34
14
34
49
88
66
52
73
34
97
0
96
73
11
0
92
44
86
52
55
83
38
51
40
96
29
96
35
18
96
52
52
40
50
63
21
20
42
18
19
99
73
63
70
42
96
46
18
61
11
77
41
23
54
22
43
48
73
16
95
53
85
95
91
72
65
100
68
40
94
54
92
11
62
37
44
77
83
5
5
12
5
57
27
20
25
17
50
86
7
87
63
92
78
90
76
100
52
13
38
84
3
78
40
87
21
22
88
47
16
49
58
1
24
96
37
87
58
97
71
51
69
56
4
44
0
61
41
31
15
41
20
22
83
78
81
49
69
80
76
23
70
1
31
92
